X 11

217

(1286-12901). Β16166 166166 6666 61666 (3616616661) 616166661Ρ6666616166. 666
61161 116166 66 6166666116 66666, 116166 666 61161 616616611 616166
166166, 6161666 166666 66 616666 66666616166616116 dopustili 6661666
6 6661166611 6 Ρ666161.(0 166).

11 (1286 66166620). Κ161 116616611 6661616 6611616 1116666116 66. 1116611616 6 166616

6 Ρ1666 k 6666611 666116 666 Κ6611616 6 1616 6166616 61666 6611666161
6 Κ66666116.(6.147).

(1286 6166 66 20 6616116). Β16166 Τ66166 661616616 66166661 11616 11661666, 11166 6666
6611616 1116666116 66. F 16611616 6 616616 6 Ρ1666 1661616 Κ66666116
6 16161616 6 6166616 66666161 6 6 611616666616161. (C. 146).

1286 6611 20. 616166166166661616616, 66 666661111 66 611161666 116166616661661666
6166116, 161616 66 8666661, 1161116161666666661611666161. (C. 4).

(1286)1Β16166 ’166166 6166616 611161116616666111. 66 666666 6 Κ661616161,
11616 666616611 1166161 66 2661666. (C. 68).

(1286 166166 - 1288 616666). 616166Τ66166 6661666616616 66 6161616166661 116666-
616616 11661166661, 66 66116116 666 6166666 666616661 66661666661 1166161
6 Grfinhainu 11111, 66 16 666661, 666 66 666116 66116611 6661666 166611
666616666611 166161 Ρ166616, (C. 175).

(1286-12901). Biskup 166166 661616616 66666116 (3166166116 61616161666 Β1661616116
Β611161ι6 6161666 0161666616116, 11661166616666616116, Β6166166 Ρ6-
66661666, Ε1616116 6661661666, 116611666 Μ616666161666 6 Brunona
116616661616116, dane 1661616 66 1166616. (C. 8).

(1287 6666161 1616). Β16166’1“661666666 666666 (1166116116) 3666161666 6611166661
1161 161666116 do 166166611616. 272).

128 16666-1-66666-1. Biskup Τ66166 66666666616 66 666661 1166166611. 16166616
116166616 ι 66616 66666661Μ1161661 0666616166 666666666 6661666

Ρ1666 16 116111666161. (C. 10).

1287 616666 23. Biskup ’166166 6666 661161 6 6666616 na 6616611 11661616 6. Made,
sv. Κ1161616 6 66161666 6 Τ166 66611116666, 11616 6616 6 6666 66161

6666166666, 6 6116616 66666116. (C. 1).

1681661166 8. Biskup ’166166 6661616 66666116 666111, 1666 66661161166161 6 661616·
66666661 161616 6 666 616666661 66161111 6 6 11611611 66616166 6 6116666
666661161161116116 6161666 016166661666. (C. 37).

1287 6666613. Β16166 ’166166 6661616 4066661 66666116 666111, 1666 66 66666161 6166-
666161116 6166116661 66161111 6616666666 1166166616 11. 661166661 1661616
P. v 661616666666111 161616 6 1666 66 61611666 666161661 166161 166
66661161. Ρ61616616 6116661666661111ῡ6111666 6161666 0161666616116.
(6, 66).

1287 66666 30. Biskup Τ66166 6666 661161 6 6116661116 66 616666 1661616 Ρ. Μ6116
v Razicich 6 6116616 66666116. (ὲ. 6).

(1287 66666). 816166 (166166) 66666166 16666611 11616 11661666, 66, 166 6116661161666
6666661666 legata, 666161 61666 666 616166616 61666611 66 16166661
6161666 6 1666 0666611666, 666 66666111 66 1166611616 61161. (Ε. 173),

1287166166 20. 816166 Τ66166 6666 661161 6 611666616 66 666666116661 61166111 66616-
666666 1661616 66. Ρ6116 6 1166616661 6 6116616 66666116. (C. 7).

1287166166 23. Biskup Τ66166 6661116616 61 66 66161666666666 6166616116 6166 120 1111666
6111616, 666 616111 6616111 666166 6661116666 66 66616 16 1666116 66
1611666116 6 6116166616 616 61116166 1611611. (ὃ. 67).

128716616624. 1166616 6166661 0161166 a 6166661 6 866616 166 66666611 16666661 16-
16616 16666661 66 66616 6161666 Τ661666 6 61611666661 6111661661

 

