XXV

Τ310, 111111 110313133331101013113, 1131113113 31111111Το111330111,3311-
331131ἱί 13110111ι 31313 33 osudnou pro 331011 131111 10111131111111131111311113111,
10313331131311 3131 1288 3 1289, 11313033131111311100101301311111131131111111
Janovy polozeny byly 3ο r. 1303 a 1304. jsou to 11111 28, 29, 30, 187‚‘
188, 190, 192, 193 3 246¹) 11331331111103331111313111103111113111113Το111330
111311 1133131011, 1111111 1131 1113111 1131113131 3 1131033111 311311 111331331311111
a (10101313 33 11131013113 10111031.

Pro 1313 1288 3 1289 13011 1311111 3311111111 111310113111111 materialem,
1101013 ρ13111311101331110 1101111311 vCechach 13011 1311111 31111113. 0133111
1101013111 do let 1303 3 13041111011111 113111 33313 31133301 obraz 0 poli·
113113 31111331, 11331001133 1111310311 zdoby 1011133011 110 doby Janovy.

Ρ1313 113 1331110 11313311 13 1111311, 13 113111 1101101131311013131101111
mezi 0331133311113111111111, 13 11313 101111111313 ’1011133013 bylo 10111110 13110
113111011111311331311 1311013, 3 13 13 3111133 13113 3 1)13113 11131113 13113
3111113303 0001311131311311113113 11311 3 11311111. 0133110001133311 jde
o 1011101113 1133111311110111113113113011 1313301311 31311111 3101111111 pozadim
33133131 11331311 jen jeden z nich, aby se 1111310, 13 33 11111131113110131
1311 k 133103111311311111 11113111.

11. 11013011 1111111 A 331010103111111 1031111111.

1. Ρ11101131111111 31311 1131110111.

Ν3 01331111, 01111111 10311331 131113 31111111 3113 11113113, 0310110311
3131133. Listy 3 11311111 11113113 od biskupa ’10111333 0113311111 11133 8011033111
31111111. Ζ3 30111111 1311131113 3331 13011 11311 31131111331330131131131101011
1011133011. Ν3111 1111111 1103111111, 13 11333131013111113111311331311 1131111313,
1111311131 333131013131 13331131 1113131131 po ruce. 11113110 31131313131311101
nikde 1131111313, byl to 13311 111311131οά01)ῃὲ 1133113110 110131 1131331313
biskupovy, 1011313111 by asi 30113 11311110 11111 11131 11131111 111131103111
3 31110111 0131111311111 31110111 si 3 nich podle libosti 3331310131 1011111131.

Ν1111 11331313 0133113, 13111 111111 1131331313113110111313113111 10 hyl, 131101
autor 1101111131 13110 1113111011 pro 31111 1011111131. Ζ113 111311133111111101110311ε
l. 1110111 111131 1131111 3 1131111 0111111313; 2. 1101133113, 111316 31131311 111311-
331311; 3. register, 0133111 113111-1113113 1131133131; 4.ορ1311,310111111’ jednotli-
11311 neb 1111 11111311 3011113311 011331301311.

Zde 113331310133 0313111113 0 1131311331 111311011111 1111311111, 1131113111
33 3331101311 1131311311311331313113 1031311111, 111313 11313111 11111110 11 textu.
Tak 1131111011 pod 3. 36 111131111311131111Το313303113111133111, 11110133

¹) RB. 111. 1991-1993. 11313 29, 30 3 246 take Tadra (1133111111 31. 89) klade
do prvm'ch let 111313 11331313, 313 0 tom, 13 13011 1 Ε111131011311 Regestech 111 11113113
a 31110113 biskupovi 1311011 11113311, 33 0311113113.

 

