XXVIII

Podobnou 11116111 (11101100 101161110νέ01 161111611116446130. Β16111ρ
1106111 11161616160111 penitencia& 1111611061 1116111116 66 1111611100 11011111.
006611 16 v obou 6161111, 616 10111100 16 1161 6. 130 111110116111 0611116161, 601
01661116 111 1101016111 6111661 6 66101666. Ρ611116 011 111111 1011661116. 44
1101111 1116611 pro 611111 116116111611116116 1161 10116111011111 6110116. Koncepty
oba 61161611 1116116611116 1116611 110 601111. 11111 111111611 11101100101161110-
111111 1111111611116. 60 6 61 6 1111 6. 192 6 230. ,

Na 1661110 6116 uvedeny'ch 1111116116611 11111106, 16 111 66616101101 11661
1011110110 11111100 1011661110 16101116111011. Tim 01166111 116111 1666110, 16
16660116 1611 111161106016161011010 1116016116. Ν6011611111111611111661,16
161601111011111 1161161001111666161101161611 [0111101116 1610 1116111001.

16011 10 1610116 11161, 11616 0111 0111116 0161611110 110 1611661116
(10616110. 161 116111. 6. 25,1116 16111660161011111 016111110νί 6 666616061111
6116110 06161661 1166111616 01166, 1111116110601661161160111101101110110111611
16111016. O konceptu neb registrech 1161111116 0111 1661. Ρο1100116 11611
6. 31, 1116 1611 11100061 v 3611616 11111 01610116 0 0116111661 6111611100
11011100 1616111061 111161οὲ11611 16111101111611 6161111, 6. 115, 1116 66 11100011
01111160 01010611016111110111, 16 1111666161116161011 1111111011 61111110, 6. 184,
1116 1611111116 0101000611 6161611116 01611111011116111161101611616110 11111011
6 Κο1611116, 11116 6. 168, 199, 206, 241, 243 11100011 1106016611611601111-
1111111611 116111 110 1611661616 (10611611.

PII 1161111160, 11601 1111160166 16 01611111 Το0116, 0611111116 16 1161011
1610 1111 dopisech. Ζ116611101 60111116160166111 1110111 1101111161 011ςί111111,
116111 11661 1110066110, 16 1111 1161161160 01111111 1116610006101166111, 610
1111 1610111611, 11616 0111 1111101016111 011 1111160166 66016110, 11616 16111 0111
101161110νὲ01 v 1611661111111611111616.

Τ61ο11011 1161111011 16 ku 111. 6. 232, 1116 1101101160 6 rada 1116616
Ρ61011111016 6611661111 66 1116610 0661111 6 0116111111 do 4 161. 3101011116-11
11611110 tuto s privilegiem‚ 11616 Ρ611111111011611111 111111 01611111 Το0116 v 1616
61161110611 11011 6. 231, 1106010161116 16101011 61101111 ve stilisaci, 1611111611
vidIme, jak 006 11611111 16111111. 6611161101116 pro 006 6116111 0116 661161116
v 01616116161611661111 6 Ρ611111111011611, 11611601 11661111 1166611 06111611, 11611
61 1161 k 6116 116111161611 1111166111 1166611116616 Ρ16111,

V 1011110 6 1106000160 11111611 1111116116611, 1110111 01111161110001110111111·
1116 1111116161 10066111 1610 1100101661 11611116.

Μ6161111 6 1611661116111111616111 1 110 1611661116 (10611011 16111 1116-
1116116111 1610 601111. Μ111661 66 tam 6611111106 6 1610111111 11161, 111111
01611111 Το0116 116111 6111 11116161616111 ani 1111160166111. 1611111 61111600611111
66 11061611 mezi 6116 0161111616 1606611161

1161111 6 11610161011611 1661 11 110101016110616111111166 111611 61011161.
16111116 nich 11061611661101611661116 661 11111 6111160οε111, 16 61 16 6116116
11616 011 01610061600 110111611001011116101166111 16 6116161 mezi ostatnIm
16666111611111 materialem 6611111 1116161 do 601111. To 6610001061111
1111 111. 116. 2606261, 11161160 jsou 00661601 (116 6111101111 111661 kon-

 

