XVII

ln Mn Kap. J Kap. Κ

42 (250) f. 224
43 (123) 4. 254
(50) 4. 244
(214) 4. 273
(215) 4. 222

)Ρ54504), Formelbiicher 11 st. 14.
mmet. RB. 11. 5. 2202.

(451) 4 251

(122)( 254
(124) 4. 254
(121) 4 254 ’
(125) 4. 254
(125)( 254
(120) 4255
(251) 4 224 -228
(119)( 255

4

155) 4. 250 ·
65 157)4. 250 “ Tadra, vest. sp. nauk 1889 51. 114.
(1525150) 4 255 -255

(55)(240

(55)( 240

(92)( 245

(93) 4. 244 Palacky. Formelbticher 11 st. 166.

(94) 4. 247 ,

(55) 4. 244

(96)(244 Ι

(90)( 245

(95)· f. 245

(99) 4. 248’

, (100) 4. 244

(101)( 245

(102) 4. 249

(105)( 249

(104)4 4244

(10514 244

(105)( 250

(105) 4 254

(102) 4. 250

(154) 4. 255

(55)( 244

(20) 4, 244

(21)(241

(73)( 241

(155)( 255

(109) 4 254

(159) 4 255

(140) 4. 257

(155)( 254

(110)4Ι 251

(111)( 254

(112)( 254

J. B. Novst: Formulss biskupn Tobisse 2 Bechynl.

 

